19020106	11
19020113	-6
19020120	22
19020127	11
19020204	-17
19020211	-61
19020218	0
19020225	0
19020302	22
19020309	-94
19020316	17
19020323	11
19020330	28
19020407	6
19020414	72
19020421	83
19020428	33
19020505	122
19020512	78
19020519	150
19020526	133
19020603	183
19020610	139
19020617	167
19020624	172
19020701	183
19020708	183
19020715	183
19020722	194
19020729	172
19020806	189
19020813	172
19020820	167
19020827	172
19020904	156
19020911	117
19020918	117
19020925	139
19021002	67
19021009	56
19021016	67
19021023	50
19021030	67
19021107	39
19021114	56
19021121	33
19021128	11
19021205	6
19021212	11
19021219	6
19021226	0
19020107	28
19020114	-22
19020121	11
19020128	-6
19020205	-50
19020212	0
19020219	117
19020226	6
19020303	-6
19020310	-28
19020317	6
19020324	44
19020331	11
19020401	22
19020408	-17
19020415	67
19020422	39
19020429	44
19020506	117
19020513	89
19020520	128
19020527	156
19020604	200
19020611	144
19020618	150
19020625	206
19020702	161
19020709	144
19020716	217
19020723	194
19020730	172
19020807	183
19020814	167
19020821	156
19020828	183
19020905	178
19020912	122
19020919	72
19020926	111
19021003	94
19021010	72
19021017	83
19021024	89
19021031	61
19021101	94
19021108	50
19021115	50
19021122	44
19021129	-28
19021206	17
19021213	28
19021220	11
19021227	0
19020101	28
19020108	28
19020115	-11
19020122	-6
19020129	-6
19020206	-11
19020213	-11
19020220	-22
19020227	-6
19020304	-39
19020311	-17
19020318	0
19020325	33
19020402	28
19020409	6
19020416	72
19020423	67
19020430	56
19020507	56
19020514	111
19020521	150
19020528	150
19020605	161
19020612	150
19020619	189
19020626	200
19020703	161
19020710	167
19020717	217
19020724	194
19020731	167
19020801	172
19020808	194
19020815	156
19020822	128
19020829	167
19020906	183
19020913	122
19020920	61
19020927	100
19021004	50
19021011	78
19021018	83
19021025	67
19021102	61
19021109	61
19021116	17
19021123	39
19021130	-44
19021207	6
19021214	22
19021221	11
19021228	6
19020102	11
19020109	28
19020116	28
19020123	6
19020130	-33
19020207	-11
19020214	-33
19020221	-6
19020228	6
19020305	6
19020312	-83
19020319	17
19020326	22
19020403	11
19020410	17
19020417	83
19020424	67
19020501	72
19020508	39
19020515	133
19020522	161
19020529	183
19020606	150
19020613	194
19020620	206
19020627	167
19020704	189
19020711	144
19020718	244
19020725	183
19020802	200
19020809	200
19020816	139
19020823	139
19020830	144
19020907	178
19020914	89
19020921	72
19020928	89
19021005	78
19021012	56
19021019	56
19021026	67
19021103	61
19021110	61
19021117	33
19021124	22
19021201	-89
19021208	11
19021215	28
19021222	0
19021229	-17
19020103	-61
19020110	33
19020117	0
19020124	28
19020131	-17
19020201	22
19020208	0
19020215	-6
19020222	0
19020306	17
19020313	-17
19020320	17
19020327	22
19020404	33
19020411	28
19020418	83
19020425	72
19020502	72
19020509	56
19020516	128
19020523	133
19020530	200
19020607	106
19020614	206
19020621	222
19020628	228
19020705	156
19020712	150
19020719	217
19020726	200
19020803	206
19020810	167
19020817	156
19020824	178
19020831	150
19020901	144
19020908	167
19020915	100
19020922	100
19020929	111
19021006	106
19021013	61
19021020	39
19021027	72
19021104	44
19021111	61
19021118	33
19021125	11
19021202	-78
19021209	17
19021216	17
19021223	28
19021230	-22
19020104	28
19020111	6
19020118	-17
19020125	22
19020202	17
19020209	-44
19020216	11
19020223	0
19020307	22
19020314	-6
19020321	0
19020328	28
19020405	-6
19020412	50
19020419	50
19020426	28
19020503	89
19020510	67
19020517	178
19020524	122
19020531	211
19020601	150
19020608	150
19020615	206
19020622	183
19020629	172
19020706	194
19020713	161
19020720	172
19020727	206
19020804	200
19020811	167
19020818	178
19020825	183
19020902	161
19020909	183
19020916	117
19020923	122
19020930	72
19021007	94
19021014	78
19021021	72
19021028	72
19021105	33
19021112	50
19021119	39
19021126	11
19021203	-56
19021210	28
19021217	28
19021224	28
19021231	-28
19020105	22
19020112	-11
19020119	-6
19020126	17
19020203	-6
19020210	-28
19020217	22
19020224	0
19020301	17
19020308	-44
19020315	11
19020322	-11
19020329	17
19020406	17
19020413	83
19020420	72
19020427	17
19020504	122
19020511	72
19020518	178
19020525	172
19020602	156
19020609	122
19020616	239
19020623	178
19020630	150
19020707	172
19020714	200
19020721	172
19020728	200
19020805	172
19020812	172
19020819	189
19020826	156
19020903	167
19020910	117
19020917	128
19020924	122
19021001	50
19021008	72
19021015	67
19021022	61
19021029	78
19021106	0
19021113	56
19021120	44
19021127	28
19021204	-33
19021211	22
19021218	11
19021225	50
