19010103	-11
19010110	11
19010117	6
19010124	33
19010131	-17
19010201	17
19010208	0
19010215	-78
19010222	-33
19010306	22
19010313	39
19010320	6
19010327	-39
19010404	39
19010411	56
19010418	100
19010425	106
19010502	172
19010509	139
19010516	167
19010523	211
19010530	156
19010607	239
19010614	128
19010621	228
19010628	172
19010705	222
19010712	289
19010719	278
19010726	306
19010803	233
19010810	239
19010817	283
19010824	178
19010831	172
19010901	144
19010908	172
19010915	172
19010922	172
19010929	167
19011006	139
19011013	117
19011020	100
19011027	100
19011104	67
19011111	33
19011118	0
19011125	44
19011202	17
19011209	11
19011216	-33
19011223	-28
19011230	22
19010104	-6
19010111	0
19010118	0
19010125	28
19010202	-22
19010209	11
19010216	-11
19010223	0
19010307	22
19010314	39
19010321	-17
19010328	-6
19010405	28
19010412	50
19010419	50
19010426	133
19010503	133
19010510	189
19010517	144
19010524	156
19010531	161
19010601	161
19010608	256
19010615	183
19010622	239
19010629	183
19010706	256
19010713	267
19010720	311
19010727	306
19010804	222
19010811	256
19010818	272
19010825	183
19010902	117
19010909	178
19010916	150
19010923	194
19010930	178
19011007	133
19011014	100
19011021	100
19011028	111
19011105	67
19011112	22
19011119	50
19011126	39
19011203	11
19011210	-33
19011217	-28
19011224	-56
19011231	28
19010105	11
19010112	11
19010119	11
19010126	22
19010203	0
19010210	-28
19010217	-44
19010224	-72
19010301	-56
19010308	0
19010315	50
19010322	22
19010329	-17
19010406	33
19010413	44
19010420	72
19010427	144
19010504	61
19010511	233
19010518	94
19010525	172
19010602	183
19010609	267
19010616	167
19010623	278
19010630	189
19010707	261
19010714	261
19010721	311
19010728	306
19010805	217
19010812	267
19010819	250
19010826	183
19010903	117
19010910	189
19010917	172
19010924	211
19011001	156
19011008	117
19011015	100
19011022	106
19011029	111
19011106	72
19011113	0
19011120	28
19011127	33
19011204	-6
19011211	-56
19011218	6
19011225	-67
19010106	17
19010113	17
19010120	22
19010127	-6
19010204	6
19010211	-78
19010218	-50
19010225	-11
19010302	-56
19010309	0
19010316	17
19010323	44
19010330	-6
19010407	50
19010414	28
19010421	78
19010428	172
19010505	22
19010512	256
19010519	122
19010526	150
19010603	183
19010610	267
19010617	206
19010624	278
19010701	167
19010708	222
19010715	278
19010722	317
19010729	294
19010806	206
19010813	283
19010820	228
19010827	222
19010904	128
19010911	178
19010918	150
19010925	206
19011002	150
19011009	122
19011016	111
19011023	106
19011030	78
19011107	50
19011114	6
19011121	0
19011128	22
19011205	28
19011212	-33
19011219	6
19011226	-50
19010107	-6
19010114	6
19010121	6
19010128	-11
19010205	17
19010212	-72
19010219	-50
19010226	-6
19010303	-22
19010310	39
19010317	22
19010324	50
19010331	11
19010401	33
19010408	61
19010415	0
19010422	72
19010429	194
19010506	50
19010513	228
19010520	106
19010527	156
19010604	200
19010611	239
19010618	222
19010625	261
19010702	189
19010709	267
19010716	300
19010723	283
19010730	267
19010807	206
19010814	278
19010821	206
19010828	194
19010905	128
19010912	178
19010919	161
19010926	172
19011003	139
19011010	128
19011017	111
19011024	100
19011031	83
19011101	89
19011108	44
19011115	33
19011122	0
19011129	-11
19011206	28
19011213	-33
19011220	11
19011227	117
19010101	-67
19010108	39
19010115	22
19010122	44
19010129	0
19010206	-11
19010213	-56
19010220	-39
19010227	6
19010304	0
19010311	28
19010318	22
19010325	-56
19010402	44
19010409	39
19010416	28
19010423	117
19010430	194
19010507	33
19010514	239
19010521	139
19010528	189
19010605	217
19010612	183
19010619	217
19010626	278
19010703	167
19010710	283
19010717	278
19010724	278
19010731	267
19010801	256
19010808	217
19010815	278
19010822	194
19010829	189
19010906	139
19010913	172
19010920	172
19010927	189
19011004	150
19011011	128
19011018	100
19011025	100
19011102	83
19011109	28
19011116	6
19011123	33
19011130	-22
19011207	39
19011214	-39
19011221	11
19011228	-22
19010102	-11
19010109	6
19010116	28
19010123	39
19010130	-6
19010207	-6
19010214	-50
19010221	-17
19010228	6
19010305	11
19010312	22
19010319	6
19010326	-50
19010403	72
19010410	44
19010417	78
19010424	100
19010501	161
19010508	94
19010515	200
19010522	167
19010529	189
19010606	228
19010613	144
19010620	222
19010627	194
19010704	194
19010711	283
19010718	278
19010725	289
19010802	261
19010809	211
19010816	278
19010823	189
19010830	189
19010907	167
19010914	161
19010921	172
19010928	167
19011005	156
19011012	111
19011019	106
19011026	100
19011103	89
19011110	39
19011117	28
19011124	6
19011201	-11
19011208	28
19011215	-44
19011222	0
19011229	22
